{
  "frames": [
    {
      "file_path": "frame_0001.jpg",
      "sharpness": 5.14833574408502,
      "transform_matrix": [
        [
          -0.142047919875444,
          -0.014824142558979778,
          0.9897487727925837,
          4.8485557287079235
        ],
        [
          0.9689198639528388,
          0.20249520550025266,
          0.14209148104830097,
          0.5931257614440582
        ],
        [
          -0.20252576551173368,
          0.9791710455966114,
          -0.014400616534597217,
          -0.26171844819675955
        ],
        [
          0.0,
          0.0,
          0.0,
          1.0
        ]
      ],
      "w": 1080.0,
      "h": 1920.0,
      "fl_x": 1866.4332151165818,
      "fl_y": 1866.4332151165818,
      "k1": 0.09769809884870694,
      "k2": 0,
      "k3": 0,
      "k4": 0,
      "p1": 0,
      "p2": 0,
      "cx": 540.0,
      "cy": 960.0,
      "is_fisheye": false,
      "camera_angle_x": 0.5632636215814284,
      "camera_angle_y": 0.9501232526096088,
      "fovx": 32.272628269869756,
      "fovy": 54.438052391772764
    },
    {
      "file_path": "frame_0002.jpg",
      "sharpness": 5.199320982696897,
      "transform_matrix": [
        [
          -0.16798954262650237,
          -0.020105415472714525,
          0.9855837284699779,
          4.863018088804006
        ],
        [
          0.9634392171313872,
          0.20833722460573442,
          0.1684650579090983,
          0.6539719439583838
        ],
        [
          -0.20872083858790424,
          0.9778503838012459,
          -0.015628129330458818,
          -0.25422221705049763
        ],
        [
          0.0,
          0.0,
          0.0,
          1.0
        ]
      ],
      "w": 1080.0,
      "h": 1920.0,
      "fl_x": 1900.4729999023318,
      "fl_y": 1900.4729999023318,
      "k1": 0.07104952666698629,
      "k2": 0,
      "k3": 0,
      "k4": 0,
      "p1": 0,
      "p2": 0,
      "cx": 540.0,
      "cy": 960.0,
      "is_fisheye": false,
      "camera_angle_x": 0.5536867779144445,
      "camera_angle_y": 0.9354981636361277,
      "fovx": 31.723915546694993,
      "fovy": 53.60009651858898
    },
    {
      "file_path": "frame_0003.jpg",
      "sharpness": 10.599108687487934,
      "transform_matrix": [
        [
          -0.19004013409529377,
          0.007845456519028057,
          0.9817449751503828,
          4.712975178924153
        ],
        [
          0.9593175473039558,
          0.2141458812438434,
          0.18398745875873512,
          0.6869076258976956
        ],
        [
          -0.20879317725255575,
          0.9767701829736105,
          -0.04822259609284861,
          -0.46506352854260263
        ],
        [
          0.0,
          0.0,
          0.0,
          1.0
        ]
      ],
      "w": 1080.0,
      "h": 1920.0,
      "fl_x": 1929.3353650678969,
      "fl_y": 1929.3353650678969,
      "k1": 0.016577329201801442,
      "k2": 0,
      "k3": 0,
      "k4": 0,
      "p1": 0,
      "p2": 0,
      "cx": 540.0,
      "cy": 960.0,
      "is_fisheye": false,
      "camera_angle_x": 0.545811783888072,
      "camera_angle_y": 0.9234205588221818,
      "fovx": 31.272711625293116,
      "fovy": 52.908100736123
    },
    {
      "file_path": "frame_0004.jpg",
      "sharpness": 8.090586226316011,
      "transform_matrix": [
        [
          -0.24469195890653492,
          -0.023184898848355857,
          0.9693236331070492,
          4.573970033857241
        ],
        [
          0.9447104068925737,
          0.21936293531910395,
          0.24372556229606204,
          0.9778693329462942
        ],
        [
          -0.2182844299411333,
          0.9753678091169682,
          -0.03177333112992555,
          -0.3361130605911226
        ],
        [
          0.0,
          0.0,
          0.0,
          1.0
        ]
      ],
      "w": 1080.0,
      "h": 1920.0,
      "fl_x": 1894.1458511625215,
      "fl_y": 1894.1458511625215,
      "k1": 0.08018306023352541,
      "k2": 0,
      "k3": 0,
      "k4": 0,
      "p1": 0,
      "p2": 0,
      "cx": 540.0,
      "cy": 960.0,
      "is_fisheye": false,
      "camera_angle_x": 0.555442795340364,
      "camera_angle_y": 0.9381849842420192,
      "fovx": 31.824527933951604,
      "fovy": 53.754039999615344
    },
    {
      "file_path": "frame_0005.jpg",
      "sharpness": 6.717387138242275,
      "transform_matrix": [
        [
          -0.2826477785286826,
          0.0020579942255716777,
          0.9592215583172342,
          4.580741659620568
        ],
        [
          0.9415647885287546,
          0.19159322055957032,
          0.27703390918422016,
          1.2104190909671253
        ],
        [
          -0.18321021340277993,
          0.9814722627172257,
          -0.05609113307011216,
          -0.42198678148920155
        ],
        [
          0.0,
          0.0,
          0.0,
          1.0
        ]
      ],
      "w": 1080.0,
      "h": 1920.0,
      "fl_x": 1943.949379038541,
      "fl_y": 1943.949379038541,
      "k1": 0.03855918502027228,
      "k2": 0,
      "k3": 0,
      "k4": 0,
      "p1": 0,
      "p2": 0,
      "cx": 540.0,
      "cy": 960.0,
      "is_fisheye": false,
      "camera_angle_x": 0.5419071311621466,
      "camera_angle_y": 0.9174149851802818,
      "fovx": 31.048991503633335,
      "fovy": 52.56400671288711
    },
    {
      "file_path": "frame_0006.jpg",
      "sharpness": 3.957823109544645,
      "transform_matrix": [
        [
          -0.33645158099495615,
          -0.021730173715566677,
          0.9414500162962773,
          4.395806191186086
        ],
        [
          0.9190524932831805,
          0.21036114941474118,
          0.3333027173701942,
          1.3354101395251345
        ],
        [
          -0.20528723349293646,
          0.9773822109877014,
          -0.05080517096773758,
          -0.3447211827734318
        ],
        [
          0.0,
          0.0,
          0.0,
          1.0
        ]
      ],
      "w": 1080.0,
      "h": 1920.0,
      "fl_x": 1853.9780456312753,
      "fl_y": 1853.9780456312753,
      "k1": 0.06977900738258723,
      "k2": 0,
      "k3": 0,
      "k4": 0,
      "p1": 0,
      "p2": 0,
      "cx": 540.0,
      "cy": 960.0,
      "is_fisheye": false,
      "camera_angle_x": 0.566848864974348,
      "camera_angle_y": 0.9555806393713693,
      "fovx": 32.478047584811215,
      "fovy": 54.75073762039221
    },
    {
      "file_path": "frame_0007.jpg",
      "sharpness": 7.520896500354979,
      "transform_matrix": [
        [
          -0.36549599708138103,
          -0.005512519585847577,
          0.930796588000449,
          4.346125835561935
        ],
        [
          0.912576493573372,
          0.19485156840924592,
          0.35949549324749963,
          1.5166974673746005
        ],
        [
          -0.183348900989413,
          0.980817250258266,
          -0.06618687248420088,
          -0.31995957967715033
        ],
        [
          0.0,
          0.0,
          0.0,
          1.0
        ]
      ],
      "w": 1080.0,
      "h": 1920.0,
      "fl_x": 1892.5593159975074,
      "fl_y": 1892.5593159975074,
      "k1": 0.08189392925495173,
      "k2": 0,
      "k3": 0,
      "k4": 0,
      "p1": 0,
      "p2": 0,
      "cx": 540.0,
      "cy": 960.0,
      "is_fisheye": false,
      "camera_angle_x": 0.5558848202341644,
      "camera_angle_y": 0.9388609470144591,
      "fovx": 31.849854094806087,
      "fovy": 53.792769813584115
    },
    {
      "file_path": "frame_0008.jpg",
      "sharpness": 6.3735484010035615,
      "transform_matrix": [
        [
          -0.4148646706709182,
          -0.020445625353478974,
          0.909653385318271,
          4.254407644205282
        ],
        [
          0.8919445344418019,
          0.18840174723460237,
          0.41102278418333854,
          1.747953477839164
        ],
        [
          -0.17978390502898967,
          0.9818791972695787,
          -0.05992486503302852,
          -0.3305791733486489
        ],
        [
          0.0,
          0.0,
          0.0,
          1.0
        ]
      ],
      "w": 1080.0,
      "h": 1920.0,
      "fl_x": 1862.594755545173,
      "fl_y": 1862.594755545173,
      "k1": 0.09899771737184457,
      "k2": 0,
      "k3": 0,
      "k4": 0,
      "p1": 0,
      "p2": 0,
      "cx": 540.0,
      "cy": 960.0,
      "is_fisheye": false,
      "camera_angle_x": 0.5643638143434851,
      "camera_angle_y": 0.9517989747659302,
      "fovx": 32.33566467178645,
      "fovy": 54.53406419896655
    },
    {
      "file_path": "frame_0009.jpg",
      "sharpness": 5.868132222022542,
      "transform_matrix": [
        [
          -0.4797386116525746,
          -0.0009695695977906908,
          0.877410921069729,
          4.1736619090063485
        ],
        [
          0.860969655471119,
          0.1921629083920741,
          0.47096143047570116,
          2.0745031315630147
        ],
        [
          -0.16906246433244898,
          0.9813625612183253,
          -0.0913531968805693,
          -0.4509168334214899
        ],
        [
          0.0,
          0.0,
          0.0,
          1.0
        ]
      ],
      "w": 1080.0,
      "h": 1920.0,
      "fl_x": 1908.954947665918,
      "fl_y": 1908.954947665918,
      "k1": 0.10252665914480773,
      "k2": 0,
      "k3": 0,
      "k4": 0,
      "p1": 0,
      "p2": 0,
      "cx": 540.0,
      "cy": 960.0,
      "is_fisheye": false,
      "camera_angle_x": 0.551349628048921,
      "camera_angle_y": 0.9319185921972306,
      "fovx": 31.59000672331092,
      "fovy": 53.3950021826746
    },
    {
      "file_path": "frame_0010.jpg",
      "sharpness": 8.255677999480232,
      "transform_matrix": [
        [
          -0.5446805360603834,
          -0.012967981534401462,
          0.8385433471680946,
          3.8698159131643104
        ],
        [
          0.8227279224726776,
          0.18561017867538782,
          0.537277979406712,
          2.212812290553105
        ],
        [
          -0.16260959141071463,
          0.982537883755579,
          -0.09042913111271156,
          -0.38695312758596007
        ],
        [
          0.0,
          0.0,
          0.0,
          1.0
        ]
      ],
      "w": 1080.0,
      "h": 1920.0,
      "fl_x": 1853.6025715775042,
      "fl_y": 1853.6025715775042,
      "k1": 0.12164535670308714,
      "k2": 0,
      "k3": 0,
      "k4": 0,
      "p1": 0,
      "p2": 0,
      "cx": 540.0,
      "cy": 960.0,
      "is_fisheye": false,
      "camera_angle_x": 0.5669576356062886,
      "camera_angle_y": 0.9557460563690297,
      "fovx": 32.484279682956384,
      "fovy": 54.760215316217874
    },
    {
      "file_path": "frame_0011.jpg",
      "sharpness": 6.737554884545593,
      "transform_matrix": [
        [
          -0.5971868945298475,
          -0.009672440837404133,
          0.8020437998501194,
          3.6845616655553726
        ],
        [
          0.7893981111440195,
          0.17017338939581136,
          0.5898233970124213,
          2.3546237462743598
        ],
        [
          -0.14219154377650997,
          0.9853666634393499,
          -0.09398991141770391,
          -0.4059055182004974
        ],
        [
          0.0,
          0.0,
          0.0,
          1.0
        ]
      ],
      "w": 1080.0,
      "h": 1920.0,
      "fl_x": 1879.6981170316064,
      "fl_y": 1879.6981170316064,
      "k1": 0.08173855324158752,
      "k2": 0,
      "k3": 0,
      "k4": 0,
      "p1": 0,
      "p2": 0,
      "cx": 540.0,
      "cy": 960.0,
      "is_fisheye": false,
      "camera_angle_x": 0.5594935328352371,
      "camera_angle_y": 0.9443740566232638,
      "fovx": 32.05661809632323,
      "fovy": 54.10864772616164
    },
    {
      "file_path": "frame_0012.jpg",
      "sharpness": 5.253870542894923,
      "transform_matrix": [
        [
          -0.6573364790828999,
          -0.012426892117319276,
          0.7534947415922527,
          3.305260768663658
        ],
        [
          0.7422633036913311,
          0.1620810163388137,
          0.6502114518641493,
          2.7122707684375245
        ],
        [
          -0.13020730108898548,
          0.9866992026360717,
          -0.09731773860871651,
          -0.482978566776093
        ],
        [
          0.0,
          0.0,
          0.0,
          1.0
        ]
      ],
      "w": 1080.0,
      "h": 1920.0,
      "fl_x": 1894.519456417713,
      "fl_y": 1894.519456417713,
      "k1": 0.06365869169049242,
      "k2": 0,
      "k3": 0,
      "k4": 0,
      "p1": 0,
      "p2": 0,
      "cx": 540.0,
      "cy": 960.0,
      "is_fisheye": false,
      "camera_angle_x": 0.5553388047025707,
      "camera_angle_y": 0.9380259361726025,
      "fovx": 31.818569709297176,
      "fovy": 53.74492721649806
    },
    {
      "file_path": "frame_0013.jpg",
      "sharpness": 3.3893349420099517,
      "transform_matrix": [
        [
          -0.6971585477854648,
          -0.004066959199556407,
          0.7169054464017592,
          3.181044140944273
        ],
        [
          0.7043739652283045,
          0.18235161041487938,
          0.6860067108178548,
          2.991508791769463
        ],
        [
          -0.13351882397007697,
          0.9832249742606342,
          -0.12426332372536476,
          -0.6763828747985443
        ],
        [
          0.0,
          0.0,
          0.0,
          1.0
        ]
      ],
      "w": 1080.0,
      "h": 1920.0,
      "fl_x": 1914.9116296509335,
      "fl_y": 1914.9116296509335,
      "k1": 0.07133756845046851,
      "k2": 0,
      "k3": 0,
      "k4": 0,
      "p1": 0,
      "p2": 0,
      "cx": 540.0,
      "cy": 960.0,
      "is_fisheye": false,
      "camera_angle_x": 0.5497197611419498,
      "camera_angle_y": 0.9294198761192313,
      "fovx": 31.496622228373433,
      "fovy": 53.251836297203766
    },
    {
      "file_path": "frame_0014.jpg",
      "sharpness": 3.6515532592250177,
      "transform_matrix": [
        [
          -0.7414059514640736,
          0.007405545002328913,
          0.6710159260590205,
          3.05893961351287
        ],
        [
          0.6625220249106845,
          0.16704938069232628,
          0.7301774242730552,
          3.367774668678625
        ],
        [
          -0.1066854331077085,
          0.9859207180606918,
          -0.1287577417041885,
          -0.7659812672945736
        ],
        [
          0.0,
          0.0,
          0.0,
          1.0
        ]
      ],
      "w": 1080.0,
      "h": 1920.0,
      "fl_x": 1952.9764907911617,
      "fl_y": 1952.9764907911617,
      "k1": 0.06646269383665214,
      "k2": 0,
      "k3": 0,
      "k4": 0,
      "p1": 0,
      "p2": 0,
      "cx": 540.0,
      "cy": 960.0,
      "is_fisheye": false,
      "camera_angle_x": 0.5395223299015148,
      "camera_angle_y": 0.9137414553216199,
      "fovx": 30.912352456421658,
      "fovy": 52.35352895607049
    },
    {
      "file_path": "frame_0015.jpg",
      "sharpness": 8.636533078323174,
      "transform_matrix": [
        [
          -0.7765136545178754,
          0.00040859124490282407,
          0.6301002915318032,
          2.836274642729127
        ],
        [
          0.6201935756593985,
          0.1771254128652528,
          0.7641901051620602,
          3.4286152662455125
        ],
        [
          -0.1112945328976762,
          0.9841882041349292,
          -0.13779370731714427,
          -0.7282530418677045
        ],
        [
          0.0,
          0.0,
          0.0,
          1.0
        ]
      ],
      "w": 1080.0,
      "h": 1920.0,
      "fl_x": 1901.1734928242554,
      "fl_y": 1901.1734928242554,
      "k1": 0.10357625896459388,
      "k2": 0,
      "k3": 0,
      "k4": 0,
      "p1": 0,
      "p2": 0,
      "cx": 540.0,
      "cy": 960.0,
      "is_fisheye": false,
      "camera_angle_x": 0.5534930301858871,
      "camera_angle_y": 0.9352015755858847,
      "fovx": 31.712814619558408,
      "fovy": 53.58310327505604
    },
    {
      "file_path": "frame_0016.jpg",
      "sharpness": 6.243526697396675,
      "transform_matrix": [
        [
          -0.827792297859777,
          0.012044423710532834,
          0.5609053783388839,
          2.536809403588582
        ],
        [
          0.5558350041690568,
          0.15340646720807602,
          0.8170152409585754,
          3.6361014559536535
        ],
        [
          -0.07620603478890939,
          0.9880897670069985,
          -0.1336834043000816,
          -0.7630979596798674
        ],
        [
          0.0,
          0.0,
          0.0,
          1.0
        ]
      ],
      "w": 1080.0,
      "h": 1920.0,
      "fl_x": 1996.8399293190741,
      "fl_y": 1996.8399293190741,
      "k1": 0.07759583416250036,
      "k2": 0,
      "k3": 0,
      "k4": 0,
      "p1": 0,
      "p2": 0,
      "cx": 540.0,
      "cy": 960.0,
      "is_fisheye": false,
      "camera_angle_x": 0.5282200874240444,
      "camera_angle_y": 0.8962743327119798,
      "fovx": 30.264781663429112,
      "fovy": 51.35273655030058
    },
    {
      "file_path": "frame_0017.jpg",
      "sharpness": 7.248828490345554,
      "transform_matrix": [
        [
          -0.8652764337838785,
          0.01544976059060971,
          0.5010568810264167,
          2.0869627617696405
        ],
        [
          0.49822443863855276,
          0.13696443251177817,
          0.8561618731113307,
          3.508213218178316
        ],
        [
          -0.05539947539952676,
          0.9904554755828685,
          -0.12620954401638068,
          -0.7710426684137054
        ],
        [
          0.0,
          0.0,
          0.0,
          1.0
        ]
      ],
      "w": 1080.0,
      "h": 1920.0,
      "fl_x": 1889.0284617034752,
      "fl_y": 1889.0284617034752,
      "k1": 0.10017245494448344,
      "k2": 0,
      "k3": 0,
      "k4": 0,
      "p1": 0,
      "p2": 0,
      "cx": 540.0,
      "cy": 960.0,
      "is_fisheye": false,
      "camera_angle_x": 0.556871016187615,
      "camera_angle_y": 0.9403685506688071,
      "fovx": 31.90635896071169,
      "fovy": 53.879149140156755
    },
    {
      "file_path": "frame_0018.jpg",
      "sharpness": 6.044845183026352,
      "transform_matrix": [
        [
          -0.9013344760793598,
          0.01947337428161137,
          0.4326857403622277,
          1.813802004856584
        ],
        [
          0.431372549927318,
          0.13010230045862373,
          0.8927435883746543,
          3.497767867560328
        ],
        [
          -0.03890868016284022,
          0.9913093256381204,
          -0.1256659679401408,
          -0.7941343967561905
        ],
        [
          0.0,
          0.0,
          0.0,
          1.0
        ]
      ],
      "w": 1080.0,
      "h": 1920.0,
      "fl_x": 1855.0668406564264,
      "fl_y": 1855.0668406564264,
      "k1": 0.08347892107031445,
      "k2": 0,
      "k3": 0,
      "k4": 0,
      "p1": 0,
      "p2": 0,
      "cx": 540.0,
      "cy": 960.0,
      "is_fisheye": false,
      "camera_angle_x": 0.5665336827477286,
      "camera_angle_y": 0.955101263819289,
      "fovx": 32.45998897344839,
      "fovy": 54.72327142445626
    },
    {
      "file_path": "frame_0019.jpg",
      "sharpness": 5.331741410592275,
      "transform_matrix": [
        [
          -0.9070842613022061,
          0.00993471222679002,
          0.42083184810417673,
          1.5519552409125528
        ],
        [
          0.41954155892810135,
          0.10302198833250964,
          0.9018710275043054,
          3.4427871638871848
        ],
        [
          -0.034395104621402314,
          0.9946294643738249,
          -0.09761764883960852,
          -0.7939675099219115
        ],
        [
          0.0,
          0.0,
          0.0,
          1.0
        ]
      ],
      "w": 1080.0,
      "h": 1920.0,
      "fl_x": 1844.174685936074,
      "fl_y": 1844.174685936074,
      "k1": 0.09212688597694814,
      "k2": 0,
      "k3": 0,
      "k4": 0,
      "p1": 0,
      "p2": 0,
      "cx": 540.0,
      "cy": 960.0,
      "is_fisheye": false,
      "camera_angle_x": 0.5697021641331665,
      "camera_angle_y": 0.959916943944656,
      "fovx": 32.64152958429975,
      "fovy": 54.999189571124816
    },
    {
      "file_path": "frame_0020.jpg",
      "sharpness": 4.145696495223601,
      "transform_matrix": [
        [
          -0.9124178541120066,
          0.008176094379679963,
          0.4091782141882807,
          1.32764623059374
        ],
        [
          0.4079526469005851,
          0.0980171337292851,
          0.9077264342200125,
          3.2064421456869754
        ],
        [
          -0.03268481874208965,
          0.9951511407639312,
          -0.09276804216698324,
          -0.8485650169112526
        ],
        [
          0.0,
          0.0,
          0.0,
          1.0
        ]
      ],
      "w": 1080.0,
      "h": 1920.0,
      "fl_x": 1845.4483603161493,
      "fl_y": 1845.4483603161493,
      "k1": 0.01721501217991338,
      "k2": 0,
      "k3": 0,
      "k4": 0,
      "p1": 0,
      "p2": 0,
      "cx": 540.0,
      "cy": 960.0,
      "is_fisheye": false,
      "camera_angle_x": 0.5693298786958441,
      "camera_angle_y": 0.9593515116197304,
      "fovx": 32.62019919996698,
      "fovy": 54.96679268530631
    },
    {
      "file_path": "frame_0022.jpg",
      "sharpness": 4.611516635669766,
      "transform_matrix": [
        [
          -0.9508064513617631,
          0.022782140959297602,
          0.3089467042875464,
          0.6818531443051568
        ],
        [
          0.3097820400658971,
          0.0651701794337136,
          0.9485715235893736,
          3.531705218563818
        ],
        [
          0.0014763780065148663,
          0.9976140645326648,
          -0.0690217251454186,
          -0.6250403221285955
        ],
        [
          0.0,
          0.0,
          0.0,
          1.0
        ]
      ],
      "w": 1080.0,
      "h": 1920.0,
      "fl_x": 1855.3832131527756,
      "fl_y": 1855.3832131527756,
      "k1": 0.03916802445769457,
      "k2": 0,
      "k3": 0,
      "k4": 0,
      "p1": 0,
      "p2": 0,
      "cx": 540.0,
      "cy": 960.0,
      "is_fisheye": false,
      "camera_angle_x": 0.566442163806259,
      "camera_angle_y": 0.9549620542907609,
      "fovx": 32.45474532435667,
      "fovy": 54.71529530600359
    },
    {
      "file_path": "frame_0021.jpg",
      "sharpness": 3.820542052286805,
      "transform_matrix": [
        [
          -0.9381687114920214,
          -0.0029669767130935153,
          0.34616566238516333,
          1.1160630169808305
        ],
        [
          0.344615231988914,
          0.0869156238916403,
          0.9347117289326322,
          3.332990341730851
        ],
        [
          -0.032860472449267965,
          0.9962112583986666,
          -0.08051905350665682,
          -0.7544430414374256
        ],
        [
          0.0,
          0.0,
          0.0,
          1.0
        ]
      ],
      "w": 1080.0,
      "h": 1920.0,
      "fl_x": 1748.3550228163801,
      "fl_y": 1748.3550228163801,
      "k1": 0.048416902989487684,
      "k2": 0,
      "k3": 0,
      "k4": 0,
      "p1": 0,
      "p2": 0,
      "cx": 540.0,
      "cy": 960.0,
      "is_fisheye": false,
      "camera_angle_x": 0.5991337713627246,
      "camera_angle_y": 1.0042848282801446,
      "fovx": 34.327836462840146,
      "fovy": 57.541282089472915
    },
    {
      "file_path": "frame_0023.jpg",
      "sharpness": 5.193081595807283,
      "transform_matrix": [
        [
          -0.959246748935537,
          0.00665048853137212,
          0.2824914965921487,
          0.5074764508487545
        ],
        [
          0.282190565762341,
          0.07432155704542297,
          0.9564751908714363,
          3.5396639788791453
        ],
        [
          -0.01463418059138791,
          0.9972121525273114,
          -0.07316941709291283,
          -0.6830034149336659
        ],
        [
          0.0,
          0.0,
          0.0,
          1.0
        ]
      ],
      "w": 1080.0,
      "h": 1920.0,
      "fl_x": 1834.7681888992408,
      "fl_y": 1834.7681888992408,
      "k1": 0.022535896696697658,
      "k2": 0,
      "k3": 0,
      "k4": 0,
      "p1": 0,
      "p2": 0,
      "cx": 540.0,
      "cy": 960.0,
      "is_fisheye": false,
      "camera_angle_x": 0.5724663453965417,
      "camera_angle_y": 0.9641119428265806,
      "fovx": 32.79990550450028,
      "fovy": 55.2395453021212
    },
    {
      "file_path": "frame_0024.jpg",
      "sharpness": 3.2911921283560885,
      "transform_matrix": [
        [
          -0.9495781678370385,
          -0.00028956692172207356,
          0.3135302526172322,
          0.48328422847208996
        ],
        [
          0.3125262211238935,
          0.07909626265978831,
          0.9466103434585686,
          3.6088668929194694
        ],
        [
          -0.02507317825602803,
          0.9968669406554614,
          -0.07501758692343058,
          -0.7071081672571398
        ],
        [
          0.0,
          0.0,
          0.0,
          1.0
        ]
      ],
      "w": 1080.0,
      "h": 1920.0,
      "fl_x": 1838.2881548918524,
      "fl_y": 1838.2881548918524,
      "k1": 0.04300226210284871,
      "k2": 0,
      "k3": 0,
      "k4": 0,
      "p1": 0,
      "p2": 0,
      "cx": 540.0,
      "cy": 960.0,
      "is_fisheye": false,
      "camera_angle_x": 0.5714289234225717,
      "camera_angle_y": 0.9625381998212952,
      "fovx": 32.74046560381767,
      "fovy": 55.1493764698801
    },
    {
      "file_path": "frame_0025.jpg",
      "sharpness": 3.0497977420952815,
      "transform_matrix": [
        [
          -0.844035103268934,
          -0.05382842598239318,
          0.5335796519677569,
          1.1464279775324817
        ],
        [
          0.525350995707652,
          0.11692227798883607,
          0.8428140436765139,
          3.623697420069513
        ],
        [
          -0.10775470176352325,
          0.9916812398416178,
          -0.07040768978952036,
          -0.7001315209841249
        ],
        [
          0.0,
          0.0,
          0.0,
          1.0
        ]
      ],
      "w": 1080.0,
      "h": 1920.0,
      "fl_x": 1815.4161543015948,
      "fl_y": 1815.4161543015948,
      "k1": -0.05311316580641025,
      "k2": 0,
      "k3": 0,
      "k4": 0,
      "p1": 0,
      "p2": 0,
      "cx": 540.0,
      "cy": 960.0,
      "is_fisheye": false,
      "camera_angle_x": 0.5782359313492733,
      "camera_angle_y": 0.9728493799358657,
      "fovx": 33.13047842912977,
      "fovy": 55.74016357224422
    },
    {
      "file_path": "frame_0027.jpg",
      "sharpness": 2.4479195491326218,
      "transform_matrix": [
        [
          -0.5023827855536204,
          -0.03869732542449715,
          0.8637789380231208,
          2.4808518193295384
        ],
        [
          0.8534511131174589,
          0.13803809747516851,
          0.5025601269136692,
          3.0374120222711154
        ],
        [
          -0.13868213402038793,
          0.9896706526103194,
          -0.03632168846389163,
          -0.4485810648910119
        ],
        [
          0.0,
          0.0,
          0.0,
          1.0
        ]
      ],
      "w": 1080.0,
      "h": 1920.0,
      "fl_x": 1655.2828616087822,
      "fl_y": 1655.2828616087822,
      "k1": -0.05950059701910052,
      "k2": 0,
      "k3": 0,
      "k4": 0,
      "p1": 0,
      "p2": 0,
      "cx": 540.0,
      "cy": 960.0,
      "is_fisheye": false,
      "camera_angle_x": 0.6306847815349262,
      "camera_angle_y": 1.0511096690801773,
      "fovx": 36.135576185081625,
      "fovy": 60.224147843686765
    },
    {
      "file_path": "frame_0028.jpg",
      "sharpness": 3.9198673708173386,
      "transform_matrix": [
        [
          -0.4509530202043155,
          0.0027659185341117926,
          0.8925434013263692,
          3.007136103065594
        ],
        [
          0.8787573037211492,
          0.17648198893385078,
          0.44344076125020915,
          2.994011836223505
        ],
        [
          -0.15629131365553922,
          0.9842999833711462,
          -0.08201565703473296,
          -0.6229489859928522
        ],
        [
          0.0,
          0.0,
          0.0,
          1.0
        ]
      ],
      "w": 1080.0,
      "h": 1920.0,
      "fl_x": 1852.5919472579567,
      "fl_y": 1852.5919472579567,
      "k1": -0.03169712002478418,
      "k2": 0,
      "k3": 0,
      "k4": 0,
      "p1": 0,
      "p2": 0,
      "cx": 540.0,
      "cy": 960.0,
      "is_fisheye": false,
      "camera_angle_x": 0.5672506040627678,
      "camera_angle_y": 0.956191554666369,
      "fovx": 32.50106553904311,
      "fovy": 54.785740488435685
    },
    {
      "file_path": "frame_0029.jpg",
      "sharpness": 2.7891593855657977,
      "transform_matrix": [
        [
          -0.3555130264027069,
          0.015250951292183857,
          0.9345468937033854,
          3.546449880619602
        ],
        [
          0.9227932898531709,
          0.1646242153794885,
          0.34835529551325406,
          2.5756778203931514
        ],
        [
          -0.14853629946701113,
          0.9862384479339347,
          -0.07259952854503775,
          -0.5786639675807935
        ],
        [
          0.0,
          0.0,
          0.0,
          1.0
        ]
      ],
      "w": 1080.0,
      "h": 1920.0,
      "fl_x": 1973.7910090768992,
      "fl_y": 1973.7910090768992,
      "k1": 0.022099622325916835,
      "k2": 0,
      "k3": 0,
      "k4": 0,
      "p1": 0,
      "p2": 0,
      "cx": 540.0,
      "cy": 960.0,
      "is_fisheye": false,
      "camera_angle_x": 0.5341008073229517,
      "camera_angle_y": 0.9053745023011572,
      "fovx": 30.601722094135106,
      "fovy": 51.87413786061375
    },
    {
      "file_path": "frame_0030.jpg",
      "sharpness": 3.3169935581667205,
      "transform_matrix": [
        [
          -0.3022806268688911,
          0.008451717275562914,
          0.9531815100403589,
          3.741951916596639
        ],
        [
          0.9418154594732865,
          0.15686014138974216,
          0.2972852777044118,
          2.097968982558374
        ],
        [
          -0.14700361531767378,
          0.9875846619434836,
          -0.05537573985925668,
          -0.39645221592248936
        ],
        [
          0.0,
          0.0,
          0.0,
          1.0
        ]
      ],
      "w": 1080.0,
      "h": 1920.0,
      "fl_x": 1907.3801839131208,
      "fl_y": 1907.3801839131208,
      "k1": 0.0631367911496728,
      "k2": 0,
      "k3": 0,
      "k4": 0,
      "p1": 0,
      "p2": 0,
      "cx": 540.0,
      "cy": 960.0,
      "is_fisheye": false,
      "camera_angle_x": 0.5517820901229884,
      "camera_angle_y": 0.9325812578148065,
      "fovx": 31.61478497495446,
      "fovy": 53.432970125790135
    },
    {
      "file_path": "frame_0031.jpg",
      "sharpness": 4.815474037703926,
      "transform_matrix": [
        [
          -0.2656533999044788,
          0.03063489627220547,
          0.9635817423745415,
          3.8157216852149
        ],
        [
          0.9556395816065273,
          0.14024775453611374,
          0.25900493704552546,
          1.770010163342992
        ],
        [
          -0.12720558629964676,
          0.9896423952446846,
          -0.06653321227761712,
          -0.3161997360654798
        ],
        [
          0.0,
          0.0,
          0.0,
          1.0
        ]
      ],
      "w": 1080.0,
      "h": 1920.0,
      "fl_x": 1874.570571636243,
      "fl_y": 1874.570571636243,
      "k1": 0.09525901665419778,
      "k2": 0,
      "k3": 0,
      "k4": 0,
      "p1": 0,
      "p2": 0,
      "cx": 540.0,
      "cy": 960.0,
      "is_fisheye": false,
      "camera_angle_x": 0.560945018784342,
      "camera_angle_y": 0.9465887654865313,
      "fovx": 32.13978211522948,
      "fovy": 54.23554119687709
    },
    {
      "file_path": "frame_0032.jpg",
      "sharpness": 8.853109439857645,
      "transform_matrix": [
        [
          -0.17824066558790108,
          -0.0036323962208918235,
          0.9839802187119675,
          3.785111180616184
        ],
        [
          0.9805696886048701,
          0.08261216526457871,
          0.17792783913464083,
          1.203164181935756
        ],
        [
          -0.08193504085577342,
          0.9965751531297217,
          -0.011163029691206706,
          -0.0567948089448451
        ],
        [
          0.0,
          0.0,
          0.0,
          1.0
        ]
      ],
      "w": 1080.0,
      "h": 1920.0,
      "fl_x": 1761.578774229528,
      "fl_y": 1761.578774229528,
      "k1": 0.07927111653193268,
      "k2": 0,
      "k3": 0,
      "k4": 0,
      "p1": 0,
      "p2": 0,
      "cx": 540.0,
      "cy": 960.0,
      "is_fisheye": false,
      "camera_angle_x": 0.5948977405110808,
      "camera_angle_y": 0.9979397729292263,
      "fovx": 34.085129773153746,
      "fovy": 57.1777371970884
    },
    {
      "file_path": "frame_0033.jpg",
      "sharpness": 5.177495534765977,
      "transform_matrix": [
        [
          -0.09193288143508463,
          -0.02541308606398992,
          0.995440867332521,
          3.8229272797638467
        ],
        [
          0.9946639787089491,
          0.04465804312006889,
          0.09300122925556567,
          0.6992708170121844
        ],
        [
          -0.04681788941994305,
          0.9986790446529217,
          0.021171938712401056,
          0.20587535944673416
        ],
        [
          0.0,
          0.0,
          0.0,
          1.0
        ]
      ],
      "w": 1080.0,
      "h": 1920.0,
      "fl_x": 1803.3502372562286,
      "fl_y": 1803.3502372562286,
      "k1": 0.11807116754602656,
      "k2": 0,
      "k3": 0,
      "k4": 0,
      "p1": 0,
      "p2": 0,
      "cx": 540.0,
      "cy": 960.0,
      "is_fisheye": false,
      "camera_angle_x": 0.5818907981368778,
      "camera_angle_y": 0.9783712204859291,
      "fovx": 33.33988687074204,
      "fovy": 56.05654173090704
    },
    {
      "file_path": "frame_0034.jpg",
      "sharpness": 2.7701012712643474,
      "transform_matrix": [
        [
          -0.028919377620028348,
          -0.05455150974359113,
          0.998092081108121,
          3.758001000162927
        ],
        [
          0.9995722560726112,
          0.0027730589369740874,
          0.029113828905162457,
          0.2863740520903397
        ],
        [
          -0.004355971486633195,
          0.9985071070935254,
          0.05444798052800755,
          0.5364205858897995
        ],
        [
          0.0,
          0.0,
          0.0,
          1.0
        ]
      ],
      "w": 1080.0,
      "h": 1920.0,
      "fl_x": 1712.8821219717533,
      "fl_y": 1712.8821219717533,
      "k1": 0.17278481150072603,
      "k2": 0,
      "k3": 0,
      "k4": 0,
      "p1": 0,
      "p2": 0,
      "cx": 540.0,
      "cy": 960.0,
      "is_fisheye": false,
      "camera_angle_x": 0.6107912570581708,
      "camera_angle_y": 1.0216751711901422,
      "fovx": 34.99576119292334,
      "fovy": 58.537675342501025
    },
    {
      "file_path": "frame_0035.jpg",
      "sharpness": 2.688223861759689,
      "transform_matrix": [
        [
          -0.0049968837411346065,
          -0.08698085397770096,
          0.9961974514031655,
          3.874076318065357
        ],
        [
          0.9942188418029492,
          -0.10728330708846612,
          -0.0043802538329462196,
          -0.1223493103737627
        ],
        [
          0.10725635531866196,
          0.990416388721945,
          0.08701408611362686,
          0.6988656993942043
        ],
        [
          0.0,
          0.0,
          0.0,
          1.0
        ]
      ],
      "w": 1080.0,
      "h": 1920.0,
      "fl_x": 1652.0210556808315,
      "fl_y": 1652.0210556808315,
      "k1": 0.20711723503628038,
      "k2": 0,
      "k3": 0,
      "k4": 0,
      "p1": 0,
      "p2": 0,
      "cx": 540.0,
      "cy": 960.0,
      "is_fisheye": false,
      "camera_angle_x": 0.6318488797692026,
      "camera_angle_y": 1.0528225761148706,
      "fovx": 36.20227410084429,
      "fovy": 60.32229018747296
    },
    {
      "file_path": "frame_0036.jpg",
      "sharpness": 3.114181132375457,
      "transform_matrix": [
        [
          0.0099363601108133,
          -0.16304440446546584,
          0.9865686954836065,
          3.80451893340049
        ],
        [
          0.9887581960741604,
          -0.1456014887780045,
          -0.03402111346322535,
          -0.6887085632736665
        ],
        [
          0.14919282302805048,
          0.9758159296843498,
          0.159764742414091,
          1.0341521413127734
        ],
        [
          0.0,
          0.0,
          0.0,
          1.0
        ]
      ],
      "w": 1080.0,
      "h": 1920.0,
      "fl_x": 1736.5190888199593,
      "fl_y": 1736.5190888199593,
      "k1": -0.041085948695161585,
      "k2": 0,
      "k3": 0,
      "k4": 0,
      "p1": 0,
      "p2": 0,
      "cx": 540.0,
      "cy": 960.0,
      "is_fisheye": false,
      "camera_angle_x": 0.6029751566675053,
      "camera_angle_y": 1.0100268519786464,
      "fovx": 34.54793162828766,
      "fovy": 57.87027581326115
    },
    {
      "file_path": "frame_0037.jpg",
      "sharpness": 2.374662899505145,
      "transform_matrix": [
        [
          0.08523341264755185,
          -0.22876598406304238,
          0.969742950421448,
          3.4253930411468754
        ],
        [
          0.9572936460985588,
          -0.25106732031076884,
          -0.14336692718606361,
          -1.0163064387541694
        ],
        [
          0.2762682401323861,
          0.9405484172521832,
          0.19759689847267178,
          0.8830727447424975
        ],
        [
          0.0,
          0.0,
          0.0,
          1.0
        ]
      ],
      "w": 1080.0,
      "h": 1920.0,
      "fl_x": 1775.4837899590011,
      "fl_y": 1775.4837899590011,
      "k1": -0.00975016462618383,
      "k2": 0,
      "k3": 0,
      "k4": 0,
      "p1": 0,
      "p2": 0,
      "cx": 540.0,
      "cy": 960.0,
      "is_fisheye": false,
      "camera_angle_x": 0.5905057326651447,
      "camera_angle_y": 0.9913465758103772,
      "fovx": 33.833486259993265,
      "fovy": 56.79997482868052
    },
    {
      "file_path": "frame_0038.jpg",
      "sharpness": 3.2636345738770687,
      "transform_matrix": [
        [
          0.06517527206850164,
          -0.3677320703505314,
          0.927645033584767,
          3.1244017730159266
        ],
        [
          0.9369002826494796,
          -0.2974247648767816,
          -0.18372906577020845,
          -1.198032808669523
        ],
        [
          0.34346767574231124,
          0.8810854860124193,
          0.3251435406799367,
          1.1710026237934303
        ],
        [
          0.0,
          0.0,
          0.0,
          1.0
        ]
      ],
      "w": 1080.0,
      "h": 1920.0,
      "fl_x": 1833.100431247802,
      "fl_y": 1833.100431247802,
      "k1": -0.02794418520013902,
      "k2": 0,
      "k3": 0,
      "k4": 0,
      "p1": 0,
      "p2": 0,
      "cx": 540.0,
      "cy": 960.0,
      "is_fisheye": false,
      "camera_angle_x": 0.5729591553643062,
      "camera_angle_y": 0.9648592377020392,
      "fovx": 32.828141435755164,
      "fovy": 55.28236214453673
    },
    {
      "file_path": "frame_0039.jpg",
      "sharpness": 4.112695305048289,
      "transform_matrix": [
        [
          0.10534288787848212,
          -0.3870362068199428,
          0.9160272106066648,
          2.92537231754976
        ],
        [
          0.8907694311802616,
          -0.3727739081146851,
          -0.2599412123984462,
          -1.4475411616580545
        ],
        [
          0.4420777040801119,
          0.8433519953304269,
          0.3054909417886177,
          1.0903466862123605
        ],
        [
          0.0,
          0.0,
