{
    "camera_path": [
        {
            "camera_to_world": [
                [
                    1.0,
                    0.0,
                    0.0,
                    0.0
                ],
                [
                    0.0,
                    -0.31622776601683794,
                    -0.9486832980505138,
                    1.5
                ],
                [
                    -0.0,
                    0.9486832980505138,
                    -0.31622776601683794,
                    0.5
                ],
                [
                    0.0,
                    0.0,
                    0.0,
                    1.0
                ]
            ]
        },
        {
            "camera_to_world": [
                [
                    0.9945218953682733,
                    -0.03305480242430316,
                    -0.09916440727290947,
                    0.15679269490148018
                ],
                [
                    -0.10452846326765346,
                    -0.3144954372271406,
                    -0.9434863116814215,
                    1.4917828430524098
                ],
                [
                    0.0,
                    0.9486832980505138,
                    -0.31622776601683794,
                    0.5
                ],
                [
                    0.0,
                    0.0,
                    0.0,
                    1.0
                ]
            ]
        },
        {
            "camera_to_world": [
                [
                    0.9781476007338057,
                    -0.06574744951608355,
                    -0.19724234854825062,
                    0.311867536226639
                ],
                [
                    -0.20791169081775931,
                    -0.30931743061478134,
                    -0.9279522918443439,
                    1.4672214011007085
                ],
                [
                    0.0,
                    0.9486832980505138,
                    -0.31622776601683794,
                    0.5
                ],
                [
                    0.0,
                    0.0,
                    0.0,
                    1.0
                ]
            ]
        },
        {
            "camera_to_world": [
                [
                    0.9510565162951535,
                    -0.0977197537924274,
                    -0.29315926137728215,
                    0.46352549156242107
                ],
                [
                    -0.30901699437494734,
                    -0.3007504775037729,
                    -0.9022514325113186,
                    1.4265847744427302
                ],
                [
                    0.0,
                    0.9486832980505139,
                    -0.31622776601683794,
                    0.5
                ],
                [
                    0.0,
                    0.0,
                    0.0,
                    1.0
                ]
            ]
        },
        {
            "camera_to_world": [
                [
                    0.9135454576426009,
                    -0.1286214199970483,
                    -0.38586425999114476,
                    0.6101049646137002
                ],
                [
                    -0.40673664307580015,
                    -0.28888843922514956,
                    -0.8666653176754485,
                    1.3703181864639014
                ],
                [
                    0.0,
                    0.9486832980505139,
                    -0.31622776601683794,
                    0.5
                ],
                [
                    0.0,
                    0.0,
                    0.0,
                    1.0
                ]
            ]
        },
        {
            "camera_to_world": [
                [
                    0.8660254037844386,
                    -0.15811388300841897,
                    -0.47434164902525683,
                    0.7499999999999999
                ],
                [
                    -0.49999999999999994,
                    -0.2738612787525831,
                    -0.8215838362577491,
                    1.299038105676658
                ],
                [
                    0.0,
                    0.9486832980505139,
                    -0.31622776601683794,
                    0.5
                ],
                [
                    0.0,
                    0.0,
                    0.0,
                    1.0
                ]
            ]
        },
        {
            "camera_to_world": [
                [
                    0.8090169943749475,
                    -0.18587401723009225,
                    -0.5576220516902767,
                    0.8816778784387097
                ],
                [
                    -0.5877852522924731,
                    -0.25583363680084636,
                    -0.7675009104025391,
                    1.2135254915624212
                ],
                [
                    0.0,
                    0.9486832980505138,
                    -0.31622776601683794,
                    0.5
                ],
                [
                    0.0,
                    0.0,
                    0.0,
                    1.0
                ]
            ]
        },
        {
            "camera_to_world": [
                [
                    0.7431448254773942,
                    -0.21159767682235392,
                    -0.6347930304670617,
                    1.0036959095382874
                ],
                [
                    -0.6691306063588581,
                    -0.23500302798768932,
                    -0.7050090839630679,
                    1.1147172382160915
                ],
                [
                    0.0,
                    0.9486832980505139,
                    -0.31622776601683794,
                    0.5
                ],
                [
                    0.0,
                    0.0,
                    0.0,
                    1.0
                ]
            ]
        },
        {
            "camera_to_world": [
                [
                    0.6691306063588583,
                    -0.2350030279876893,
                    -0.7050090839630677,
                    1.1147172382160913
                ],
                [
                    -0.7431448254773942,
                    -0.21159767682235395,
                    -0.6347930304670617,
                    1.0036959095382874
                ],
                [
                    0.0,
                    0.9486832980505138,
                    -0.31622776601683794,
                    0.5
                ],
                [
                    0.0,
                    0.0,
                    0.0,
                    1.0
                ]
            ]
        },
        {
            "camera_to_world": [
                [
                    0.5877852522924731,
                    -0.25583363680084636,
                    -0.7675009104025391,
                    1.2135254915624212
                ],
                [
                    -0.8090169943749475,
                    -0.18587401723009225,
                    -0.5576220516902767,
                    0.8816778784387097
                ],
                [
                    0.0,
                    0.9486832980505138,
                    -0.31622776601683794,
                    0.5
                ],
                [
                    0.0,
                    0.0,
                    0.0,
                    1.0
                ]
            ]
        },
        {
            "camera_to_world": [
                [
                    0.5000000000000001,
                    -0.2738612787525831,
                    -0.8215838362577491,
                    1.299038105676658
                ],
                [
                    -0.8660254037844386,
                    -0.15811388300841903,
                    -0.474341649025257,
                    0.7500000000000002
                ],
                [
                    0.0,
                    0.9486832980505139,
                    -0.31622776601683794,
                    0.5
                ],
                [
                    0.0,
                    0.0,
                    0.0,
                    1.0
                ]
            ]
        },
        {
            "camera_to_world": [
                [
                    0.4067366430758003,
                    -0.2888884392251495,
                    -0.8666653176754485,
                    1.3703181864639014
                ],
                [
                    -0.9135454576426009,
                    -0.12862141999704832,
                    -0.38586425999114493,
                    0.6101049646137006
                ],
                [
                    0.0,
                    0.9486832980505139,
                    -0.31622776601683794,
                    0.5
                ],
                [
                    0.0,
                    0.0,
                    0.0,
                    1.0
                ]
            ]
        },
        {
            "camera_to_world": [
                [
                    0.30901699437494745,
                    -0.3007504775037728,
                    -0.9022514325113186,
                    1.4265847744427302
                ],
                [
                    -0.9510565162951535,
                    -0.09771975379242741,
                    -0.29315926137728227,
                    0.4635254915624212
                ],
                [
                    0.0,
                    0.9486832980505139,
                    -0.31622776601683794,
                    0.5
                ],
                [
                    0.0,
                    0.0,
                    0.0,
                    1.0
                ]
            ]
        },
        {
            "camera_to_world": [
                [
                    0.20791169081775926,
                    -0.30931743061478134,
                    -0.9279522918443439,
                    1.4672214011007085
                ],
                [
                    -0.9781476007338057,
                    -0.06574744951608352,
                    -0.19724234854825057,
                    0.3118675362266389
                ],
                [
                    0.0,
                    0.9486832980505138,
                    -0.31622776601683794,
                    0.5
                ],
                [
                    0.0,
                    0.0,
                    0.0,
                    1.0
                ]
            ]
        },
        {
            "camera_to_world": [
                [
                    0.10452846326765346,
                    -0.3144954372271406,
                    -0.9434863116814215,
                    1.4917828430524098
                ],
                [
                    -0.9945218953682733,
                    -0.03305480242430316,
                    -0.09916440727290947,
                    0.15679269490148018
                ],
                [
                    0.0,
                    0.9486832980505139,
                    -0.31622776601683794,
                    0.5
                ],
                [
                    0.0,
                    0.0,
                    0.0,
                    1.0
                ]
            ]
        },
        {
            "camera_to_world": [
                [
                    2.83276944882399e-16,
                    -0.31622776601683794,
                    -0.9486832980505138,
                    1.5
                ],
                [
                    -1.0,
                    -8.958003544423596e-17,
                    -2.6874010633270786e-16,
                    4.2491541732359847e-16
                ],
                [
                    0.0,
                    0.9486832980505138,
                    -0.31622776601683794,
                    0.5
                ],
                [
                    0.0,
                    0.0,
                    0.0,
                    1.0
                ]
            ]
        },
        {
            "camera_to_world": [
                [
                    -0.10452846326765335,
                    -0.3144954372271406,
                    -0.9434863116814215,
                    1.49178284305241
                ],
                [
                    -0.9945218953682733,
                    0.03305480242430313,
                    0.09916440727290936,
                    -0.15679269490148
                ],
                [
                    0.0,
                    0.9486832980505139,
                    -0.31622776601683794,
                    0.5
                ],
                [
                    0.0,
                    0.0,
                    0.0,
                    1.0
                ]
            ]
        },
        {
            "camera_to_world": [
                [
                    -0.20791169081775931,
                    -0.30931743061478134,
                    -0.9279522918443439,
                    1.4672214011007085
                ],
                [
                    -0.9781476007338057,
                    0.06574744951608355,
                    0.19724234854825062,
                    -0.311867536226639
                ],
                [
                    0.0,
                    0.9486832980505138,
                    -0.31622776601683794,
                    0.5
                ],
                [
                    0.0,
                    0.0,
                    0.0,
                    1.0
                ]
            ]
        },
        {
            "camera_to_world": [
                [
                    -0.30901699437494734,
                    -0.3007504775037729,
                    -0.9022514325113186,
                    1.4265847744427305
                ],
                [
                    -0.9510565162951536,
                    0.09771975379242738,
                    0.2931592613772821,
                    -0.463525491562421
                ],
                [
                    0.0,
                    0.9486832980505139,
                    -0.31622776601683794,
                    0.5
                ],
                [
                    0.0,
                    0.0,
                    0.0,
                    1.0
                ]
            ]
        },
        {
            "camera_to_world": [
                [
                    -0.4067366430758001,
                    -0.2888884392251496,
                    -0.8666653176754485,
                    1.3703181864639014
                ],
                [
                    -0.913545457642601,
                    0.12862141999704826,
                    0.38586425999114465,
                    -0.6101049646137001
                ],
                [
                    0.0,
                    0.9486832980505138,
                    -0.31622776601683794,
                    0.5
                ],
                [
                    0.0,
                    0.0,
                    0.0,
                    1.0
                ]
            ]
        },
        {
            "camera_to_world": [
                [
                    -0.49999999999999983,
                    -0.2738612787525831,
                    -0.8215838362577492,
                    1.299038105676658
                ],
                [
                    -0.8660254037844387,
                    0.15811388300841892,
                    0.4743416490252567,
                    -0.7499999999999997
                ],
                [
                    0.0,
                    0.9486832980505138,
                    -0.31622776601683794,
                    0.5
                ],
                [
                    0.0,
                    0.0,
                    0.0,
                    1.0
                ]
            ]
        },
        {
            "camera_to_world": [
                [
                    -0.5877852522924731,
                    -0.25583363680084636,
                    -0.7675009104025391,
                    1.2135254915624212
                ],
                [
                    -0.8090169943749475,
                    0.18587401723009225,
                    0.5576220516902767,
                    -0.8816778784387096
                ],
                [
                    0.0,
                    0.9486832980505138,
                    -0.31622776601683794,
                    0.5
                ],
                [
                    0.0,
                    0.0,
                    0.0,
                    1.0
                ]
            ]
        },
        {
            "camera_to_world": [
                [
                    -0.6691306063588579,
                    -0.2350030279876894,
                    -0.705009083963068,
                    1.1147172382160917
                ],
                [
                    -0.7431448254773946,
                    0.2115976768223538,
                    0.6347930304670614,
                    -1.003695909538287
                ],
                [
                    0.0,
                    0.9486832980505138,
                    -0.31622776601683794,
                    0.5
                ],
                [
                    0.0,
                    0.0,
                    0.0,
                    1.0
                ]
            ]
        },
        {
            "camera_to_world": [
                [
                    -0.7431448254773941,
                    -0.21159767682235395,
                    -0.6347930304670618,
                    1.0036959095382876
                ],
                [
                    -0.6691306063588583,
                    0.23500302798768927,
                    0.7050090839630677,
                    -1.1147172382160913
                ],
                [
                    0.0,
                    0.9486832980505138,
                    -0.31622776601683794,
                    0.5
                ],
                [
                    0.0,
                    0.0,
                    0.0,
                    1.0
                ]
            ]
        },
        {
            "camera_to_world": [
                [
                    -0.8090169943749473,
                    -0.18587401723009228,
                    -0.5576220516902769,
                    0.8816778784387098
                ],
                [
                    -0.5877852522924732,
                    0.25583363680084636,
                    0.7675009104025391,
                    -1.213525491562421
                ],
                [
                    0.0,
                    0.9486832980505138,
                    -0.31622776601683794,
                    0.5
                ],
                [
                    0.0,
                    0.0,
                    0.0,
                    1.0
                ]
            ]
        },
        {
            "camera_to_world": [
                [
                    -0.8660254037844386,
                    -0.15811388300841897,
                    -0.47434164902525683,
                    0.7499999999999999
                ],
                [
                    -0.49999999999999994,
                    0.2738612787525831,
                    0.8215838362577491,
                    -1.299038105676658
                ],
                [
                    0.0,
                    0.9486832980505139,
                    -0.31622776601683794,
                    0.5
                ],
                [
                    0.0,
                    0.0,
                    0.0,
                    1.0
                ]
            ]
        },
        {
            "camera_to_world": [
                [
                    -0.913545457642601,
                    -0.12862141999704824,
                    -0.38586425999114465,
                    0.6101049646137
                ],
                [
                    -0.40673664307580004,
                    0.28888843922514956,
                    0.8666653176754486,
                    -1.3703181864639014
                ],
                [
                    0.0,
                    0.9486832980505138,
                    -0.31622776601683794,
                    0.5
                ],
                [
                    0.0,
                    0.0,
                    0.0,
                    1.0
                ]
            ]
        },
        {
            "camera_to_world": [
                [
                    -0.9510565162951535,
                    -0.09771975379242748,
                    -0.29315926137728227,
                    0.4635254915624213
                ],
                [
                    -0.30901699437494756,
                    0.3007504775037729,
                    0.9022514325113183,
                    -1.4265847744427302
                ],
                [
                    0.0,
                    0.9486832980505139,
                    -0.31622776601683794,
                    0.5
                ],
                [
                    0.0,
                    0.0,
                    0.0,
                    1.0
                ]
            ]
        },
        {
            "camera_to_world": [
                [
                    -0.9781476007338057,
                    -0.06574744951608355,
                    -0.19724234854825062,
                    0.311867536226639
                ],
                [
                    -0.20791169081775931,
                    0.30931743061478134,
                    0.9279522918443439,
                    -1.4672214011007085
                ],
                [
                    0.0,
                    0.9486832980505138,
                    -0.31622776601683794,
                    0.5
                ],
                [
                    0.0,
                    0.0,
                    0.0,
                    1.0
                ]
            ]
        },
        {
            "camera_to_world": [
                [
                    -0.9945218953682734,
                    -0.03305480242430311,
                    -0.0991644072729093,
                    0.15679269490147993
                ],
                [
                    -0.1045284632676533,
                    0.3144954372271406,
                    0.9434863116814215,
                    -1.49178284305241
                ],
                [
                    0.0,
                    0.9486832980505138,
                    -0.31622776601683794,
                    0.5
                ],
                [
                    0.0,
                    0.0,
                    0.0,
                    1.0
                ]
            ]
        },
        {
            "camera_to_world": [
                [
                    -1.0,
                    -1.7916007088847192e-16,
                    -5.374802126654157e-16,
                    8.498308346471969e-16
                ],
                [
                    -5.66553889764798e-16,
                    0.31622776601683794,
                    0.9486832980505138,
                    -1.5
                ],
                [
                    0.0,
                    0.9486832980505138,
                    -0.31622776601683794,
                    0.5
                ],
                [
                    0.0,
                    0.0,
                    0.0,
                    1.0
                ]
            ]
        },
        {
            "camera_to_world": [
                [
                    -0.9945218953682734,
                    0.03305480242430304,
                    0.09916440727290907,
                    -0.15679269490147957
                ],
                [
                    0.10452846326765305,
                    0.31449543722714063,
                    0.9434863116814215,
                    -1.49178284305241
                ],
                [
                    0.0,
                    0.9486832980505138,
                    -0.31622776601683794,
                    0.5
                ],
                [
                    0.0,
                    0.0,
                    0.0,
                    1.0
                ]
            ]
        },
        {
            "camera_to_world": [
                [
                    -0.9781476007338057,
                    0.06574744951608347,
                    0.19724234854825037,
                    -0.3118675362266386
                ],
                [
                    0.20791169081775904,
                    0.3093174306147814,
                    0.9279522918443439,
                    -1.4672214011007085
                ],
                [
                    0.0,
                    0.9486832980505138,
                    -0.31622776601683794,
                    0.5
                ],
                [
                    0.0,
                    0.0,
                    0.0,
                    1.0
                ]
            ]
        },
        {
            "camera_to_world": [
                [
                    -0.9510565162951536,
                    0.09771975379242735,
                    0.29315926137728204,
                    -0.46352549156242095
                ],
                [
                    0.3090169943749473,
                    0.3007504775037729,
                    0.9022514325113186,
                    -1.4265847744427305
                ],
                [
                    0.0,
                    0.9486832980505139,
                    -0.31622776601683794,
                    0.5
                ],
                [
                    0.0,
                    0.0,
                    0.0,
                    1.0
                ]
            ]
        },
        {
            "camera_to_world": [
                [
                    -0.9135454576426009,
                    0.1286214199970483,
                    0.3858642599911448,
                    -0.6101049646137003
                ],
                [
                    0.4067366430758002,
                    0.28888843922514956,
                    0.8666653176754485,
                    -1.3703181864639014
                ],
                [
                    0.0,
                    0.9486832980505139,
                    -0.31622776601683794,
                    0.5
                ],
                [
                    0.0,
                    0.0,
                    0.0,
                    1.0
                ]
            ]
        },
        {
            "camera_to_world": [
                [
                    -0.8660254037844388,
                    0.15811388300841892,
                    0.4743416490252566,
                    -0.7499999999999996
                ],
                [
                    0.4999999999999997,
                    0.27386127875258315,
                    0.8215838362577493,
                    -1.2990381056766582
                ],
                [
                    0.0,
                    0.9486832980505139,
                    -0.31622776601683794,
                    0.5
                ],
                [
                    0.0,
                    0.0,
                    0.0,
                    1.0
                ]
            ]
        },
        {
            "camera_to_world": [
                [
                    -0.8090169943749475,
                    0.18587401723009225,
                    0.5576220516902767,
                    -0.8816778784387096
                ],
                [
                    0.5877852522924731,
                    0.25583363680084636,
                    0.7675009104025391,
                    -1.2135254915624212
                ],
                [
                    0.0,
                    0.9486832980505138,
                    -0.31622776601683794,
                    0.5
                ],
                [
                    0.0,
                    0.0,
                    0.0,
                    1.0
                ]
            ]
        },
        {
            "camera_to_world": [
                [
                    -0.7431448254773942,
                    0.21159767682235392,
                    0.6347930304670617,
                    -1.0036959095382874
                ],
                [
                    0.6691306063588581,
                    0.23500302798768932,
                    0.7050090839630679,
                    -1.1147172382160915
                ],
                [
                    0.0,
                    0.9486832980505139,
                    -0.31622776601683794,
                    0.5
                ],
                [
                    0.0,
                    0.0,
                    0.0,
                    1.0
                ]
            ]
        },
        {
            "camera_to_world": [
                [
                    -0.6691306063588585,
                    0.23500302798768924,
                    0.7050090839630676,
                    -1.114717238216091
                ],
                [
                    0.743144825477394,
                    0.211597676822354,
                    0.6347930304670619,
                    -1.0036959095382878
                ],
                [
                    0.0,
                    0.9486832980505139,
                    -0.31622776601683794,
                    0.5
                ],
                [
                    0.0,
                    0.0,
                    0.0,
                    1.0
                ]
            ]
        },
        {
            "camera_to_world": [
                [
                    -0.5877852522924732,
                    0.25583363680084636,
                    0.7675009104025391,
                    -1.213525491562421
                ],
                [
                    0.8090169943749473,
                    0.18587401723009228,
                    0.5576220516902769,
                    -0.8816778784387098
                ],
                [
                    0.0,
                    0.9486832980505138,
                    -0.31622776601683794,
                    0.5
                ],
                [
                    0.0,
                    0.0,
                    0.0,
                    1.0
                ]
            ]
        },
        {
            "camera_to_world": [
                [
                    -0.5000000000000003,
                    0.27386127875258304,
                    0.821583836257749,
                    -1.2990381056766578
                ],
                [
                    0.8660254037844384,
                    0.1581138830084191,
                    0.4743416490252573,
                    -0.7500000000000007
                ],
                [
                    0.0,
                    0.9486832980505139,
                    -0.31622776601683794,
                    0.5
                ],
                [
                    0.0,
                    0.0,
                    0.0,
                    1.0
                ]
            ]
        },
        {
            "camera_to_world": [
                [
                    -0.4067366430758009,
                    0.28888843922514945,
                    0.8666653176754483,
                    -1.370318186463901
                ],
                [
                    0.9135454576426006,
                    0.1286214199970485,
                    0.38586425999114543,
                    -0.6101049646137013
                ],
                [
                    0.0,
                    0.9486832980505139,
                    -0.31622776601683794,
                    0.5
                ],
                [
                    0.0,
                    0.0,
                    0.0,
                    1.0
                ]
            ]
        },
        {
            "camera_to_world": [
                [
                    -0.3090169943749475,
                    0.3007504775037728,
                    0.9022514325113186,
                    -1.4265847744427302
                ],
                [
                    0.9510565162951535,
                    0.09771975379242742,
                    0.2931592613772823,
                    -0.46352549156242134
                ],
                [
                    0.0,
                    0.9486832980505139,
                    -0.31622776601683794,
                    0.5
                ],
                [
                    0.0,
                    0.0,
                    0.0,
                    1.0
                ]
            ]
        },
        {
            "camera_to_world": [
                [
                    -0.20791169081775976,
                    0.3093174306147813,
                    0.9279522918443438,
                    -1.4672214011007083
                ],
                [
                    0.9781476007338056,
                    0.06574744951608369,
                    0.19724234854825104,
                    -0.31186753622663965
                ],
                [
                    0.0,
                    0.9486832980505138,
                    -0.31622776601683794,
                    0.5
                ],
                [
                    0.0,
                    0.0,
                    0.0,
                    1.0
                ]
            ]
        },
        {
            "camera_to_world": [
                [
                    -0.10452846326765423,
                    0.3144954372271405,
                    0.9434863116814214,
                    -1.4917828430524098
                ],
                [
                    0.9945218953682733,
                    0.033054802424303406,
                    0.09916440727291019,
                    -0.15679269490148134
                ],
                [
                    0.0,
                    0.9486832980505138,
                    -0.31622776601683794,
                    0.5
                ],
                [
                    0.0,
                    0.0,
                    0.0,
                    1.0
                ]
            ]
        },
        {
            "camera_to_world": [
                [
                    -1.8369701987210297e-16,
                    0.31622776601683794,
                    0.9486832980505138,
                    -1.5
                ],
                [
                    1.0,
                    5.809009821810581e-17,
                    1.7427029465431742e-16,
                    -2.755455298081545e-16
                ],
                [
                    0.0,
                    0.9486832980505138,
                    -0.31622776601683794,
                    0.5
                ],
                [
                    0.0,
                    0.0,
                    0.0,
                    1.0
                ]
            ]
        },
        {
            "camera_to_world": [
                [
                    0.104528463267653,
                    0.31449543722714063,
                    0.9434863116814215,
                    -1.49178284305241
                ],
                [
                    0.9945218953682734,
                    -0.03305480242430302,
                    -0.09916440727290902,
                    0.15679269490147948
                ],
                [
                    -0.0,
                    0.9486832980505138,
                    -0.31622776601683794,
                    0.5
                ],
                [
                    0.0,
                    0.0,
                    0.0,
                    1.0
                ]
            ]
        },
        {
            "camera_to_world": [
                [
                    0.20791169081775945,
                    0.30931743061478134,
                    0.9279522918443439,
                    -1.4672214011007083
                ],
                [
                    0.9781476007338057,
                    -0.06574744951608359,
                    -0.19724234854825076,
                    0.31186753622663915
                ],
                [
                    -0.0,
                    0.9486832980505139,
                    -0.31622776601683794,
                    0.5
                ],
                [
                    0.0,
                    0.0,
                    0.0,
                    1.0
                ]
            ]
        },
        {
            "camera_to_world": [
                [
                    0.30901699437494723,
                    0.3007504775037729,
                    0.9022514325113186,
                    -1.4265847744427305
                ],
                [
                    0.9510565162951536,
                    -0.09771975379242734,
                    -0.293159261377282,
                    0.46352549156242084
                ],
                [
                    -0.0,
                    0.9486832980505138,
                    -0.31622776601683794,
                    0.5
                ],
                [
                    0.0,
                    0.0,
                    0.0,
                    1.0
                ]
            ]
        },
        {
            "camera_to_world": [
                [
                    0.4067366430757998,
                    0.2888884392251497,
                    0.8666653176754486,
                    -1.3703181864639016
                ],
                [
                    0.9135454576426011,
                    -0.12862141999704818,
                    -0.3858642599911444,
                    0.6101049646136997
                ],
                [
                    -0.0,
                    0.9486832980505138,
                    -0.31622776601683794,
                    0.5
                ],
                [
                    0.0,
                    0.0,
                    0.0,
                    1.0
                ]
            ]
        },
        {
            "camera_to_world": [
                [
                    0.5000000000000001,
                    0.2738612787525831,
                    0.8215838362577491,
                    -1.299038105676658
                ],
                [
                    0.8660254037844386,
                    -0.15811388300841903,
                    -0.474341649025257,
                    0.7500000000000002
                ],
                [
                    -0.0,
                    0.9486832980505139,
                    -0.31622776601683794,
                    0.5
                ],
                [
                    0.0,
                    0.0,
                    0.0,
                    1.0
                ]
            ]
        },
        {
            "camera_to_world": [
                [
                    0.5877852522924729,
                    0.2558336368008465,
                    0.7675009104025392,
                    -1.2135254915624214
                ],
                [
                    0.8090169943749477,
                    -0.18587401723009217,
                    -0.5576220516902765,
                    0.8816778784387094
                ],
                [
                    -0.0,
                    0.9486832980505138,
                    -0.31622776601683794,
                    0.5
                ],
                [
                    0.0,
                    0.0,
                    0.0,
                    1.0
                ]
            ]
        },
        {
            "camera_to_world": [
                [
                    0.6691306063588585,
